saveMD5 = 6c0c64d97bfa694e9adca0f5e152ec75
vesselCount = 3
UT = 587110.77141133382
gameMode = CAREER
gameNull = False
gameCompatible = True
funds = 727834.68724656105
science = 137
reputationPercent = 18
ongoingContracts = 2
saveMD5 = 6c0c64d97bfa694e9adca0f5e152ec75
