vesselCount = 9
UT = 778917.56269211101
gameMode = CAREER
gameNull = False
gameCompatible = True
funds = 1328269.5048993828
science = 80
reputationPercent = 20
ongoingContracts = 7
missionCurrentScore = 0
missionIsStarted = False
missionIsEnded = False
missionHistoryId = 00000000-0000-0000-0000-000000000000
saveMD5 = 2c5b08698eb2dc137d276661abad2bd9
