saveMD5 = 475991e4d63a4aa081cb72b97cef9575
vesselCount = 4
UT = 237252.76290095595
gameMode = CAREER
gameNull = False
gameCompatible = True
funds = 1724485.7247905731
science = 17
reputationPercent = 18
ongoingContracts = 0
saveMD5 = 475991e4d63a4aa081cb72b97cef9575
