saveMD5 = 90c25beeda3eef002f612013ff463921
vesselCount = 4
UT = 98374.962770529746
gameMode = CAREER
gameNull = False
gameCompatible = True
funds = 1734398.5601711273
science = 5
reputationPercent = 18
ongoingContracts = 0
saveMD5 = 90c25beeda3eef002f612013ff463921
